//id	prefab	search dist	strafe min	strafe max	hp	bp	atk	def	brk	lv	exp	gold	skills	trigger radius	killedscore
10001	Characters/Mobs/Demo/CannonTower	10	0.5	1.5	10	300	13.33333333	10	1.666666667	1	2	2	7	10	0
10002	Characters/Mobs/Demo/CannonTower_Hit	10	0.5	1.5	10	300	13.33333333	10	1.666666667	1	2	2	7	10	0
10003	Characters/Mobs/Demo/CannonTower_Knockup	10	0.5	1.5	10	300	13.33333333	10	1.666666667	1	2	2	7	10	0
10004	Characters/Mobs/Demo/CannonTower_MultipleHit	10	0.5	1.5	10	300	13.33333333	10	1.666666667	1	2	2	7	10	0
10005	Characters/Mobs/Demo/Pig_As_Bot	10	0.5	1.5	10	300	13.33333333	10	1.666666667	1	2	2	4,5,6	3	0
10006	Characters/Mobs/Demo/fort_01_Trigger_Network	10	1	1	10	300	13.33333333	10	1.666666667	1	2	2	7	10	0
10007	Characters/Mobs/Demo/fort_01_Trigger_Network	10	0.7	0.7	10	300	13.33333333	10	1.666666667	1	2	2	7	10	0
10008	Characters/Mobs/Demo/fort_01_Trigger_Network	10	0.1	0.1	10	300	13.33333333	10	1.666666667	1	2	2	7	10	0
10009	Characters/Mobs/Demo/fort_01_Trigger_Network	10	0.5	0.5	10	300	13.33333333	10	1.666666667	1	2	2	7	10	0
10010	Characters/Mobs/Demo/fort_01_Trigger_Network	10	0.2	0.2	10	300	13.33333333	10	1.666666667	1	2	2	7	10	0
10011	Characters/Mobs/Demo/fort_01_Trigger_Network	10	2	2	10	300	13.33333333	10	1.666666667	1	2	2	7	10	0
10012	Characters/Mobs/Demo/Trap_Slime_01	1	1	1	10	300	13.33333333	10	1.666666667	1	2	2	8	1	0
10013	Characters/Mobs/Demo/AccessTrigger_Computer	1	1	1	10	300	13.33333333	10	1.666666667	1	2	2	0	1	0
10014	Characters/Mobs/Demo/AccessTarget_LaserGate	1	1	1	10	300	13.33333333	10	1.666666667	1	2	2	0	1	0
10015	Characters/Mobs/Demo/Monster_01	7	0.5	1.5	10	300	13.33333333	10	1.666666667	1	2	2	9,10	4	0
10016	Characters/Mobs/Demo/Monster_02	7	0.5	1.5	10	300	13.33333333	10	1.666666667	1	2	2	9,11	4	0
10017	Characters/Mobs/Demo/Bar_Door_01_Network	1	1	1	10	300	13.33333333	10	1.666666667	1	2	2	0	1	0
10018	Characters/Mobs/Demo/Demo_001_s00_button_01	1	1	1	10	300	13.33333333	10	1.666666667	1	2	2	0	1	0
10019	Characters/Mobs/Demo/AccessTarget_RotationGate	1	1	1	10	300	13.33333333	10	1.666666667	1	2	2	0	1	0
10020	Characters/Mobs/Demo/Demo_018_s00_Portal_01	1	1	1	10	300	13.33333333	10	1.666666667	1	2	2	0	1	0
15001	Objects/_Demo/NetworkPickUpBall	1	1	1	10	300	13.33333333	10	1.666666667	1	2	2	0	1	0
15002	Objects/_Demo/NetworkPickUpBall_ReplenishBlood	0.5	1	1	10	300	13.33333333	10	1.666666667	1	2	2	0	1	0
15003	Objects/_Demo/NetworkPickUpBall_SummonPet	1	1	1	10	300	13.33333333	10	1.666666667	1	2	2	0	1	0
1001	Characters/Pets/Demo/Pig_As_Pet	10	0.5	1.5	70	300	16.66666667	10	1.666666667	1	2	2	1000,1010,1020	5	0
1002	Characters/Pets/Demo/Pig_As_Pet	10	0.5	1.5	70	320	19.25	11	1.888888889	2	3	4	1001,1011,1021	5	0
1003	Characters/Pets/Demo/Pig_As_Pet	10	0.5	1.5	70	340	23.95833333	13	2.111111111	3	3	4	1002,1012,1022	5	0
1004	Characters/Pets/Demo/Pig_As_Pet	10	0.5	1.5	70	360	31.41666667	16	2.333333333	4	4	5	1003,1013,1023	5	0
1005	Characters/Pets/Demo/Pig_As_Pet	10	0.5	1.5	70	380	42.75	20	2.555555556	5	5	6	1004,1014,1024	5	0
1151	Characters/Pets/Demo/Chameleon_01_As_Pet	10	0.5	1.5	50	300	13.33333333	10	1.666666667	1	2	2	1100,1110,1120,1130,1140,1150	10	0
1301	Characters/Pets/Demo/Bull_01_As_Pet	10	0.5	1.5	50	300	13.33333333	10	1.666666667	1	2	2	1200,1210,1220	10	0
1451	Characters/Pets/Demo/Rabbit_01_As_Pet	10	0.5	1.5	50	300	10	10	1.666666667	1	2	2	1300,1310,1320	10	0
1452	Characters/Pets/Demo/Rabbit_01_As_Pet	10	0.5	1.5	50	320	11.55	11	1.888888889	2	3	4	1301,1311,1321	10	0
1453	Characters/Pets/Demo/Rabbit_01_As_Pet	10	0.5	1.5	50	340	14.375	13	2.111111111	3	3	4	1302,1312,1322	10	0
1454	Characters/Pets/Demo/Rabbit_01_As_Pet	10	0.5	1.5	50	360	18.85	16	2.333333333	4	4	5	1303,1313,1323	10	0
1455	Characters/Pets/Demo/Rabbit_01_As_Pet	10	0.5	1.5	50	380	25.65	20	2.555555556	5	5	6	1304,1314,1324	10	0
1601	Characters/Pets/Demo/Pufferfish_01_As_Pet	10	0.5	1.5	50	300	13.33333333	10	1.666666667	1	2	2	1400,1410,1420,1430,1440,1450	10	0
1751	Characters/Pets/Demo/Bear_01_As_Pet	10	0.5	1.5	100	300	13.33333333	10	1.666666667	1	2	2	1500,1510,1520	7	0
1752	Characters/Pets/Demo/Bear_01_As_Pet	10	0.5	1.5	100	320	15.4	11	1.888888889	2	3	4	1501,1511,1521	7	0
1753	Characters/Pets/Demo/Bear_01_As_Pet	10	0.5	1.5	100	340	19.16666667	13	2.111111111	3	3	4	1502,1512,1522	7	0
1754	Characters/Pets/Demo/Bear_01_As_Pet	10	0.5	1.5	100	360	25.13333333	16	2.333333333	4	4	5	1503,1513,1523	7	0
1755	Characters/Pets/Demo/Bear_01_As_Pet	10	0.5	1.5	100	380	34.2	20	2.555555556	5	5	6	1504,1514,1524	7	0
2001	Characters/Mobs/Demo/Monster_01	7	0.5	1.5	30	300	12.5	10	1.666666667	1	2	2	1600,1610,1620	5	1
2002	Characters/Mobs/Demo/Monster_01	7	0.5	1.5	30	320	14.4375	11	1.888888889	2	3	4	1601,1611,1621	5	1
2003	Characters/Mobs/Demo/Monster_01	7	0.5	1.5	30	340	17.96875	13	2.111111111	3	3	4	1602,1612,1622	5	1
2004	Characters/Mobs/Demo/Monster_01	7	0.5	1.5	30	360	23.5625	16	2.333333333	4	4	5	1603,1613,1623	5	1
2005	Characters/Mobs/Demo/Monster_01	7	0.5	1.5	30	380	32.0625	20	2.555555556	5	5	6	1604,1614,1624	5	1
2006	Characters/Mobs/Demo/Monster_02	7	0.5	1.5	50	300	10	10	1.666666667	1	2	2	1630,1640,1650	5	1
2007	Characters/Mobs/Demo/Monster_02	7	0.5	1.5	50	320	11.55	11	1.888888889	2	3	4	1631,1641,1651	5	1
2008	Characters/Mobs/Demo/Monster_02	7	0.5	1.5	50	340	14.375	13	2.111111111	3	3	4	1632,1642,1652	5	1
2009	Characters/Mobs/Demo/Monster_02	7	0.5	1.5	50	360	18.85	16	2.333333333	4	4	5	1633,1643,1653	5	1
2010	Characters/Mobs/Demo/Monster_02	7	0.5	1.5	50	380	25.65	20	2.555555556	5	5	6	1634,1644,1654	5	1
2501	Characters/Mobs/Demo/Whale_01	7	0.5	1.5	250	420	122.4875	31	3	7	5	7	2000,2010,2020	15	3
20001	Objects/01_BuildMode/008_s01_door_01	1	1	1	10	300	13.33333333	10	1.666666667	1	2	2	0	1	0
20002	Objects/01_BuildMode/008_s01_door_02	1	1	1	10	300	13.33333333	10	1.666666667	1	2	2	0	1	0
20003	Objects/01_BuildMode/008_s01_door_03	1	1	1	10	300	13.33333333	10	1.666666667	1	2	2	0	1	0
20004	Objects/01_BuildMode/038_s00_door_01	1	1	1	10	300	13.33333333	10	1.666666667	1	2	2	0	1	0
30001	Objects/05_Utilities/004_s00_coralheart_01	1	1	1	10	300	13.33333333	10	1.666666667	1	2	2	0	2	0
31000	Objects/05_Utilities/032_s00_Plaster_Statue_01	1	1	1	10	300	13.33333333	10	1.666666667	1	2	2	0	2	0
31001	Objects/05_Utilities/031_s00_Plaster_Book_01	1	1	1	10	300	13.33333333	10	1.666666667	1	2	2	0	2	0
31002	Objects/05_Utilities/033_s00_Plaster_Statue_02	1	1	1	10	300	13.33333333	10	1.666666667	1	2	2	0	2	0
31003	Objects/05_Utilities/034_s00_Plaster_Statue_03	1	1	1	10	300	13.33333333	10	1.666666667	1	2	2	0	2	0
31004	Objects/05_Utilities/035_s00_Plaster_Statue_04	1	1	1	10	300	13.33333333	10	1.666666667	1	2	2	0	2	0
31005	Objects/05_Utilities/036_s00_Plaster_Statue_05	1	1	1	10	300	13.33333333	10	1.666666667	1	2	2	0	2	0
40000	Objects/05_Utilities/001_s00_button_01	1	1	1	10	300	13.33333333	10	1.666666667	1	2	2	0	1	0
40001	Objects/05_Utilities/002_s00_button_02	1	1	1	10	300	13.33333333	10	1.666666667	1	2	2	0	1	0
41000	Objects/05_Utilities/026_s03_password_01	1	1	1	10	300	13.33333333	10	1.666666667	1	2	2	0	1	0
41001	Objects/05_Utilities/034_s03_projection_screen_01	1	1	1	10	300	13.33333333	10	1.666666667	1	2	2	0	1	0
42000	Objects/05_Utilities/009_s00_effectfloor_01	0.5	1	1	10	300	13.33333333	10	1.666666667	1	2	2	10203	1	0
42001	Objects/05_Utilities/010_s00_effectfloor_02	0.5	1	1	10	300	13.33333333	10	1.666666667	1	2	2	10201	1	0
42002	Objects/05_Utilities/011_s00_effectfloor_03	0.5	1	1	10	300	13.33333333	10	1.666666667	1	2	2	10200	1	0
42003	Objects/05_Utilities/012_s00_effectfloor_04	0.5	1	1	10	300	13.33333333	10	1.666666667	1	2	2	10204	1	0
42004	Objects/05_Utilities/013_s00_effectfloor_05	0.5	1	1	10	300	13.33333333	10	1.666666667	1	2	2	10202	1	0
42005	Objects/05_Utilities/014_s00_effectfloor_06	0.5	1	1	10	300	13.33333333	10	1.666666667	1	2	2	10201,10202,10203,10204,10002	1	0
43000	Objects/05_Utilities/017_s00_GPFort_01	25	1	1	10	300	13.33333333	10	1.666666667	1	2	2	10100	2	0
43001	Objects/05_Utilities/017_s00_GPFort_02	25	1	1	10	300	13.33333333	10	1.666666667	1	2	2	10100	2	0
43002	Objects/05_Utilities/017_s00_GPFort_03	25	1	1	10	300	13.33333333	10	1.666666667	1	2	2	10100	2	0
43003	Objects/05_Utilities/019_s03_fort_01	25	1	1	10	300	13.33333333	10	1.666666667	1	2	2	10101	2	0
44000	Objects/05_Utilities/019_s00_spring_01	1	1	1	10	300	13.33333333	10	1.666666667	1	2	2	10000	1	0
44001	Objects/05_Utilities/003_s00_conveyor_01	1	1	1	10	300	13.33333333	10	1.666666667	1	2	2	10001	1	0
45000	Objects/05_Utilities/018_s00_Portal_01	1	1	1	10	300	13.33333333	10	1.666666667	1	2	2	0	1.2	0
60000	Objects/05_Utilities/000_PickUp_CureBall	1	1	1	10	300	13.33333333	10	1.666666667	1	2	2	0	1.2	0
60001	Objects/05_Utilities/000_PickUp_PetDice	1	1	1	10	300	13.33333333	10	1.666666667	1	2	2	0	1.2	0
61000	Objects/05_Utilities/005_s00_Cube_01	1	1	1	10	300	13.33333333	10	1.666666667	1	2	2	0	1.2	0
61001	Objects/05_Utilities/005_s00_Cube_03	1	1	1	10	300	13.33333333	10	1.666666667	1	2	2	0	1.2	0
62000	Objects/05_Utilities/005_s00_Cube_02	1	1	1	10	300	13.33333333	10	1.666666667	1	2	2	0	1.2	0
62001	Objects/05_Utilities/005_s00_Cube_04	1	1	1	10	300	13.33333333	10	1.666666667	1	2	2	0	1.2	0
63000	Objects/05_Utilities/020_s03_lemon	1	1	1	10	300	13.33333333	10	1.666666667	1	2	2	0	1.2	0
